0 0 -1
0 1 0.2
0 919 0.125
1 1 -1
2 1 0.2
2 2 -1
2 71 0.0232558
2 95 0.0666667
2 315 0.2
2 334 0.142857
2 355 0.047619
2 505 0.0833333
3 1 0.2
3 3 -1
4 1 0.2
4 4 -1
4 105 0.166667
4 125 1
4 209 0.333333
4 231 0.25
4 237 0.047619
4 510 0.0185185
4 792 0.0714286
4 799 0.125
4 893 0.25
5 1 0.2
5 5 -1
6 6 -1
6 7 0.2
6 71 0.0232558
6 224 0.166667
6 237 0.047619
6 807 0.142857
7 7 -1
7 389 0.0714286
8 7 0.2
8 8 -1
8 678 0.2
9 7 0.2
9 9 -1
9 171 1
9 471 0.05
9 475 0.037037
9 865 1
10 10 -1
10 11 0.2
11 11 -1
12 11 0.2
12 12 -1
13 13 -1
13 14 0.0769231
13 510 0.0185185
13 593 0.142857
14 14 -1
15 14 0.0769231
15 15 -1
15 873 0.0294118
16 14 0.0769231
16 16 -1
17 14 0.0769231
17 17 -1
17 50 0.037037
17 237 0.047619
18 14 0.0769231
18 18 -1
19 14 0.0769231
19 19 -1
19 95 0.0666667
19 126 0.0384615
19 280 0.2
20 14 0.0769231
20 20 -1
21 14 0.0769231
21 21 -1
22 14 0.0769231
22 22 -1
23 14 0.0769231
23 23 -1
24 14 0.0769231
24 24 -1
25 14 0.0769231
25 25 -1
25 681 0.333333
25 872 0.111111
25 873 0.0294118
26 14 0.0769231
26 26 -1
27 27 -1
27 28 0.125
28 28 -1
29 28 0.125
29 29 -1
30 28 0.125
30 30 -1
31 28 0.125
31 31 -1
31 33 0.25
32 28 0.25
32 32 -1
32 34 0.0833333
32 217 0.0714286
32 514 0.333333
32 590 0.04
32 925 0.05
33 33 -1
33 34 0.0833333
34 34 -1
34 772 0.2
35 34 0.0833333
35 35 -1
36 34 0.0833333
36 36 -1
36 250 0.5
36 463 0.111111
36 510 0.0185185
36 653 0.0454545
37 34 0.0833333
37 37 -1
37 38 0.333333
37 77 0.5
37 130 0.166667
37 283 0.1
37 285 0.111111
37 370 0.142857
37 491 0.111111
37 595 0.2
37 672 0.166667
37 683 0.2
37 907 0.5
37 925 0.05
37 999 1
38 38 -1
39 38 0.333333
39 39 -1
40 40 -1
40 41 0.125
41 41 -1
42 41 0.125
42 42 -1
42 293 0.166667
42 304 0.5
43 41 0.125
43 43 -1
44 41 0.125
44 44 -1
45 15 0.125
45 45 -1
45 46 0.2
45 71 0.0232558
45 126 0.0384615
45 190 0.0434783
45 255 0.25
45 364 0.125
45 383 1
45 590 0.04
45 873 0.0294118
46 46 -1
46 551 0.0588235
47 46 0.2
47 47 -1
47 733 0.166667
48 45 0.2
48 46 0.2
48 48 -1
49 46 0.2
49 49 -1
49 210 0.2
49 510 0.0185185
50 50 -1
50 51 0.333333
50 283 0.1
50 360 0.0833333
50 419 0.0416667
50 732 0.125
50 807 0.142857
51 51 -1
52 51 0.333333
52 52 -1
53 51 0.333333
53 53 -1
53 74 0.0909091
54 54 -1
54 55 0.0666667
54 687 0.5
55 55 -1
55 95 0.0666667
55 773 0.2
56 55 0.0666667
56 56 -1
56 190 0.0434783
57 55 0.0666667
57 57 -1
57 369 1
57 485 0.142857
57 575 1
57 601 0.25
57 646 0.25
58 55 0.0666667
58 58 -1
58 525 0.142857
59 55 0.0666667
59 59 -1
59 373 0.5
59 413 0.142857
60 55 0.0666667
60 60 -1
61 61 -1
61 62 0.2
61 419 0.0416667
62 62 -1
63 62 0.2
63 63 -1
64 62 0.2
64 64 -1
64 283 0.05
64 943 1
65 62 0.2
65 65 -1
65 504 0.125
65 510 0.0185185
65 732 0.125
66 62 0.2
66 66 -1
66 230 0.333333
66 873 0.0294118
67 67 -1
67 68 0.166667
68 68 -1
69 68 0.166667
69 69 -1
69 74 0.0909091
69 490 0.25
70 70 -1
70 71 0.0232558
70 106 0.2
70 510 0.0185185
71 55 0.0666667
71 71 -1
71 175 0.142857
71 331 0.333333
71 389 0.0714286
71 590 0.08
71 724 0.5
71 799 0.125
71 814 0.166667
72 15 0.125
72 71 0.0465116
72 72 -1
72 95 0.0666667
72 320 0.2
72 451 1
72 471 0.05
72 574 0.0526316
72 646 0.25
72 948 0.5
73 55 0.0666667
73 73 -1
73 74 0.0909091
74 74 -1
75 74 0.0909091
75 75 -1
76 74 0.0909091
76 76 -1
77 74 0.0909091
77 77 -1
78 74 0.0909091
78 78 -1
78 87 0.1
79 74 0.0909091
79 79 -1
80 74 0.0909091
80 80 -1
81 74 0.0909091
81 81 -1
81 345 0.5
82 74 0.0909091
82 82 -1
83 83 -1
83 84 0.125
83 87 0.1
83 471 0.05
83 510 0.0185185
84 84 -1
84 653 0.0454545
85 71 0.0232558
85 84 0.125
85 85 -1
85 510 0.0185185
85 590 0.04
86 84 0.125
86 86 -1
87 84 0.125
87 87 -1
87 403 0.142857
88 84 0.125
88 88 -1
89 84 0.125
89 89 -1
90 7 0.2
90 71 0.0232558
90 90 -1
90 91 0.333333
90 208 1
90 263 0.142857
90 436 0.1
90 603 0.2
90 751 0.333333
90 836 0.166667
91 91 -1
91 995 0.2
92 91 0.333333
92 92 -1
92 116 0.2
93 91 0.333333
93 93 -1
94 94 -1
94 95 0.0666667
94 96 0.0588235
94 237 0.047619
94 460 0.142857
94 754 0.25
95 95 -1
96 37 1
96 50 0.037037
96 65 0.333333
96 95 0.0666667
96 96 -1
96 191 1
96 237 0.047619
96 283 0.05
96 332 0.5
96 355 0.047619
96 510 0.0185185
96 813 1
97 95 0.0666667
97 97 -1
97 136 0.333333
97 702 0.142857
97 957 0.25
98 95 0.0666667
98 98 -1
99 95 0.0666667
99 99 -1
99 104 0.166667
99 603 0.2
99 940 0.333333
100 95 0.0666667
100 100 -1
101 95 0.0666667
101 101 -1
102 95 0.0666667
102 102 -1
103 103 -1
103 104 0.166667
103 210 0.2
104 104 -1
105 105 -1
105 106 0.2
106 50 0.037037
106 106 -1
107 106 0.2
107 107 -1
107 126 0.0384615
107 330 0.2
107 561 0.166667
107 732 0.125
107 876 1
108 106 0.2
108 108 -1
109 106 0.2
109 109 -1
110 110 -1
110 111 0.333333
110 195 0.0909091
110 635 0.125
110 799 0.125
111 111 -1
111 450 0.125
112 112 -1
112 113 0.333333
112 120 0.333333
112 273 0.0714286
112 353 0.0555556
112 403 0.142857
112 659 0.0833333
112 732 0.125
113 113 -1
113 623 0.0833333
114 104 0.166667
114 113 0.333333
114 114 -1
114 169 0.5
114 227 0.25
114 251 0.125
114 302 0.2
114 410 0.5
114 413 0.142857
114 419 0.0416667
114 470 0.05
114 505 0.0833333
114 829 0.5
114 975 0.2
115 113 0.333333
115 115 -1
115 205 0.0357143
116 116 -1
116 117 0.142857
117 117 -1
118 117 0.142857
118 118 -1
119 105 0.166667
119 117 0.142857
119 119 -1
119 193 0.142857
119 375 0.25
119 755 0.2
119 853 0.125
119 873 0.0294118
119 957 0.25
120 117 0.142857
120 120 -1
120 129 0.0909091
120 390 0.5
120 659 0.0833333
121 117 0.142857
121 121 -1
122 117 0.142857
122 122 -1
123 34 0.0833333
123 123 -1
123 124 0.25
124 124 -1
124 463 0.111111
124 857 0.166667
125 96 0.0588235
125 125 -1
125 126 0.0384615
125 280 0.2
125 554 0.142857
125 574 0.0526316
125 591 1
125 816 1
125 849 0.1
125 945 0.25
126 116 0.2
126 126 -1
126 873 0.0294118
127 126 0.0384615
127 127 -1
127 447 0.2
127 787 1
128 126 0.0384615
128 128 -1
128 163 0.0714286
128 195 0.0909091
128 231 0.25
128 436 0.1
128 968 0.5
129 129 -1
130 124 0.25
130 129 0.0909091
130 130 -1
130 946 0.166667
131 129 0.0909091
131 131 -1
132 129 0.0909091
132 132 -1
133 129 0.0909091
133 133 -1
133 301 0.166667
134 129 0.0909091
134 134 -1
134 205 0.0357143
135 129 0.0909091
135 135 -1
135 419 0.0416667
136 50 0.037037
136 119 0.0344828
136 129 0.0909091
136 136 -1
136 195 0.0909091
136 217 0.0714286
136 246 0.2
136 293 0.166667
136 348 0.142857
136 475 0.037037
136 930 0.2
137 129 0.0909091
137 137 -1
138 129 0.0909091
138 138 -1
139 96 0.0588235
139 129 0.0909091
139 139 -1
139 873 0.0294118
140 140 -1
140 141 0.25
141 141 -1
141 751 0.333333
141 873 0.0294118
142 141 0.25
142 142 -1
143 141 0.25
143 143 -1
143 504 0.125
143 702 0.142857
144 141 0.25
144 144 -1
144 635 0.125
144 757 0.2
145 33 0.25
145 145 -1
146 33 0.25
146 146 -1
147 147 -1
147 148 0.25
147 873 0.0294118
148 148 -1
149 148 0.25
149 149 -1
150 77 0.5
150 148 0.25
150 150 -1
151 151 -1
151 152 0.142857
151 233 0.333333
151 267 0.166667
152 152 -1
153 152 0.142857
153 153 -1
154 73 0.5
154 152 0.142857
154 154 -1
154 403 0.142857
154 519 1
154 689 0.125
154 925 0.1
154 945 0.25
155 50 0.037037
155 123 0.25
155 152 0.142857
155 155 -1
155 176 0.0625
155 193 0.142857
155 353 0.0555556
155 398 0.166667
156 71 0.0232558
156 152 0.142857
156 156 -1
157 152 0.142857
157 157 -1
157 362 1
157 381 0.2
157 757 0.2
157 799 0.125
157 873 0.0294118
158 158 -1
158 159 0.2
158 882 0.1
159 159 -1
159 902 0.0666667
160 159 0.2
160 160 -1
160 205 0.0357143
161 159 0.2
161 161 -1
162 159 0.2
162 162 -1
163 163 -1
163 285 0.111111
164 163 0.0714286
164 164 -1
164 560 0.0434783
165 71 0.0232558
165 163 0.0714286
165 165 -1
165 902 0.0666667
166 163 0.0714286
166 166 -1
167 163 0.0714286
167 167 -1
168 163 0.0714286
168 168 -1
169 163 0.0714286
169 169 -1
170 163 0.0714286
170 170 -1
171 126 0.0384615
171 163 0.0714286
171 171 -1
171 246 0.2
171 355 0.047619
171 470 0.05
171 560 0.0434783
171 603 0.2
171 849 0.1
172 163 0.0714286
172 172 -1
173 73 0.5
173 163 0.0714286
173 173 -1
173 260 0.125
173 283 0.05
173 436 0.1
173 485 0.142857
173 615 1
173 653 0.0454545
173 830 0.166667
173 853 0.25
173 872 0.111111
174 163 0.0714286
174 174 -1
175 151 0.111111
175 175 -1
175 176 0.0625
176 176 -1
177 176 0.0625
177 177 -1
177 273 0.0714286
177 334 0.142857
178 71 0.0232558
178 176 0.0625
178 178 -1
178 198 0.166667
178 205 0.0357143
178 345 0.5
178 348 0.142857
178 560 0.0434783
178 857 0.166667
179 71 0.0232558
179 176 0.0625
179 179 -1
179 217 0.0714286
180 176 0.0625
180 180 -1
181 176 0.0625
181 181 -1
182 59 0.5
182 176 0.0625
182 182 -1
182 361 0.25
182 458 0.5
182 560 0.0869565
182 594 0.25
182 854 0.111111
183 176 0.0625
183 182 0.333333
183 183 -1
184 176 0.0625
184 184 -1
184 659 0.0833333
185 151 0.111111
185 185 -1
186 151 0.111111
186 186 -1
187 151 0.111111
187 187 -1
187 653 0.0454545
187 773 0.2
188 151 0.111111
188 188 -1
189 189 -1
189 190 0.0434783
190 190 -1
190 475 0.037037
190 477 0.142857
190 560 0.0434783
190 590 0.04
191 190 0.0434783
191 191 -1
191 279 0.333333
191 628 0.333333
192 190 0.0434783
192 192 -1
193 116 0.2
193 190 0.0434783
193 193 -1
193 398 0.166667
193 540 0.142857
193 772 0.2
194 190 0.0434783
194 194 -1
195 190 0.0434783
195 195 -1
195 205 0.0357143
195 217 0.0714286
195 484 0.2
196 190 0.0434783
196 196 -1
196 285 0.111111
196 360 0.0833333
196 484 0.2
197 197 -1
197 198 0.166667
197 364 0.125
197 419 0.0416667
197 560 0.0434783
198 198 -1
199 198 0.166667
199 199 -1
200 200 -1
200 201 0.333333
201 201 -1
202 201 0.333333
202 202 -1
203 71 0.0232558
203 201 0.333333
203 203 -1
204 119 0.0344828
204 204 -1
204 205 0.0357143
204 227 0.25
204 230 0.333333
204 450 0.125
205 205 -1
205 293 0.166667
205 593 0.142857
205 873 0.0294118
205 890 0.2
206 206 -1
206 207 0.5
206 654 1
207 207 -1
208 207 0.5
208 208 -1
208 465 0.142857
208 572 0.5
209 209 -1
209 210 0.2
209 226 0.166667
209 460 0.142857
209 592 1
209 873 0.0294118
210 210 -1
211 210 0.2
211 211 -1
212 212 -1
212 213 1
213 213 -1
214 214 -1
214 215 0.333333
215 42 1
215 126 0.0384615
215 215 -1
215 279 0.333333
215 325 0.047619
215 625 0.2
215 664 0.0909091
215 708 0.0526316
216 216 -1
216 217 0.0714286
216 927 0.0769231
217 217 -1
217 273 0.0714286
217 389 0.0714286
218 104 0.166667
218 111 0.333333
218 119 0.0344828
218 190 0.0434783
218 217 0.0714286
218 218 -1
218 419 0.0416667
218 510 0.0185185
218 802 0.166667
219 217 0.0714286
219 219 -1
220 217 0.0714286
220 220 -1
220 778 0.2
221 217 0.0714286
221 221 -1
222 217 0.0714286
222 222 -1
223 223 -1
223 224 0.166667
224 224 -1
224 355 0.047619
225 224 0.166667
225 225 -1
226 151 0.111111
226 226 -1
226 389 0.142857
226 460 0.142857
227 96 0.0588235
227 116 0.2
227 151 0.111111
227 227 -1
227 306 0.333333
227 728 0.166667
227 836 0.166667
228 151 0.111111
228 228 -1
228 318 0.2
228 384 0.2
228 653 0.0454545
229 151 0.111111
229 229 -1
230 230 -1
230 231 0.25
230 440 0.2
231 231 -1
232 45 0.2
232 84 0.125
232 163 0.0714286
232 231 0.25
232 232 -1
232 395 0.25
232 822 0.2
233 233 -1
234 233 0.333333
234 234 -1
235 85 0.25
235 233 0.333333
235 235 -1
235 285 0.111111
236 236 -1
236 237 0.047619
236 260 0.125
236 283 0.05
236 361 0.25
236 510 0.0185185
236 603 0.2
236 623 0.0833333
236 645 0.25
236 653 0.0454545
236 873 0.0294118
237 237 -1
238 119 0.0344828
238 206 1
238 238 -1
238 239 0.5
238 315 0.2
238 444 0.0909091
238 872 0.111111
238 873 0.0294118
239 239 -1
240 239 0.5
240 240 -1
240 347 1
240 525 0.142857
240 893 0.125
241 236 1
241 241 -1
241 242 0.333333
242 105 0.166667
242 242 -1
243 242 0.333333
243 243 -1
244 244 -1
244 245 0.1
245 245 -1
245 248 0.5
245 574 0.105263
246 71 0.0232558
246 245 0.1
246 246 -1
246 737 1
247 245 0.1
247 247 -1
248 175 0.142857
248 245 0.1
248 248 -1
248 251 0.125
248 381 0.2
248 947 1
249 245 0.1
249 249 -1
250 250 -1
250 251 0.125
250 389 0.0714286
250 754 0.25
250 925 0.05
251 15 0.125
251 165 0.5
251 251 -1
252 133 0.5
252 177 1
252 222 1
252 251 0.125
252 252 -1
252 402 1
252 403 0.142857
252 620 1
252 650 0.333333
252 792 0.0714286
252 836 0.166667
253 123 0.25
253 147 0.125
253 253 -1
253 254 1
253 273 0.142857
253 280 0.2
253 285 0.111111
253 381 0.2
253 463 0.111111
253 605 0.5
253 643 0.333333
253 664 0.0909091
253 682 0.142857
253 701 1
253 765 0.25
253 793 0.5
253 795 0.5
253 799 0.125
253 836 0.166667
253 925 0.05
253 946 0.166667
254 254 -1
255 255 -1
256 255 0.25
256 256 -1
256 510 0.0185185
256 590 0.04
256 727 0.333333
257 255 0.25
257 257 -1
258 255 0.25
258 258 -1
259 242 0.333333
259 259 -1
259 260 0.125
259 310 0.125
259 320 0.2
259 355 0.047619
259 507 0.333333
259 882 0.1
259 902 0.0666667
260 260 -1
261 260 0.125
261 261 -1
262 262 -1
262 263 0.142857
263 15 0.125
263 263 -1
264 263 0.142857
264 264 -1
265 15 0.125
265 263 0.142857
265 265 -1
266 71 0.0232558
266 263 0.142857
266 266 -1
267 267 -1
267 902 0.0666667
268 50 0.037037
268 267 0.166667
268 268 -1
268 822 0.2
269 267 0.166667
269 269 -1
270 267 0.166667
270 270 -1
271 267 0.166667
271 271 -1
272 205 0.0357143
272 250 0.5
272 267 0.166667
272 272 -1
272 450 0.125
273 119 0.0344828
273 147 0.125
273 251 0.125
273 273 -1
273 274 0.125
273 285 0.111111
273 315 0.2
273 452 1
273 471 0.05
273 574 0.0526316
273 605 0.5
273 635 0.125
273 721 0.5
273 735 0.2
273 773 0.2
274 126 0.0384615
274 274 -1
275 274 0.125
275 275 -1
276 50 0.037037
276 71 0.0232558
276 87 0.2
276 175 0.142857
276 274 0.125
276 276 -1
276 463 0.111111
276 471 0.05
276 873 0.0294118
276 919 0.125
277 109 1
277 209 0.333333
277 274 0.125
277 277 -1
277 283 0.05
277 355 0.047619
277 540 0.142857
277 653 0.0454545
277 659 0.0833333
277 930 0.2
278 274 0.125
278 278 -1
278 308 0.333333
278 483 1
279 274 0.125
279 279 -1
279 859 0.5
280 190 0.0434783
280 274 0.125
280 280 -1
280 883 0.5
281 274 0.125
281 281 -1
281 475 0.037037
282 282 -1
282 283 0.05
283 283 -1
284 251 0.125
284 283 0.05
284 284 -1
284 419 0.0416667
285 71 0.0465116
285 126 0.0384615
285 187 0.5
285 237 0.047619
285 283 0.05
285 285 -1
285 353 0.0555556
285 355 0.047619
285 470 0.05
285 505 0.0833333
285 558 0.333333
285 574 0.0526316
285 584 1
285 597 1
285 623 0.0833333
286 283 0.05
286 286 -1
287 287 -1
287 288 0.1
287 389 0.0714286
287 732 0.125
288 288 -1
289 288 0.1
289 289 -1
289 676 0.0769231
289 873 0.0294118
289 915 0.1
289 978 0.166667
290 182 0.333333
290 288 0.1
290 290 -1
290 525 0.142857
291 288 0.1
291 291 -1
291 364 0.125
292 288 0.1
292 292 -1
293 288 0.1
293 293 -1
294 119 0.0344828
294 288 0.1
294 294 -1
294 310 0.125
294 363 0.111111
294 419 0.0416667
295 288 0.1
295 295 -1
296 288 0.1
296 296 -1
296 623 0.166667
297 288 0.1
297 297 -1
297 375 0.5
297 439 0.166667
297 664 0.0909091
297 762 0.5
297 909 1
298 183 1
298 298 -1
298 299 0.5
298 542 0.0833333
299 299 -1
300 300 -1
300 301 0.166667
300 878 0.333333
301 240 0.125
301 301 -1
302 301 0.166667
302 302 -1
303 34 0.0833333
303 301 0.166667
303 303 -1
303 778 0.2
303 957 0.25
304 139 0.5
304 285 0.111111
304 301 0.166667
304 304 -1
304 477 0.142857
304 925 0.05
305 301 0.166667
305 305 -1
305 333 1
305 471 0.1
305 735 0.2
305 772 0.2
306 306 -1
307 11 0.2
307 306 0.333333
307 307 -1
307 311 0.5
307 555 0.666667
308 263 0.142857
308 306 0.333333
308 308 -1
308 320 0.2
308 326 1
308 475 0.037037
308 925 0.05
309 309 -1
309 310 0.125
309 353 0.0555556
309 623 0.0833333
309 857 0.166667
310 310 -1
311 251 0.125
311 310 0.125
311 311 -1
311 510 0.0185185
311 757 0.2
311 814 0.166667
311 873 0.0294118
312 310 0.125
312 312 -1
312 497 0.2
313 310 0.125
313 313 -1
313 321 1
313 334 0.142857
313 510 0.0185185
314 272 0.5
314 310 0.125
314 314 -1
314 683 0.2
315 190 0.0434783
315 315 -1
315 316 1
316 316 -1
317 317 -1
317 318 0.2
317 870 1
318 318 -1
319 71 0.0232558
319 105 0.333333
319 318 0.2
319 319 -1
319 510 0.0185185
319 723 0.5
320 276 0.125
320 318 0.2
320 320 -1
320 614 0.25
320 653 0.0454545
321 227 0.25
321 240 0.125
321 293 0.166667
321 318 0.2
321 321 -1
321 444 0.0909091
321 510 0.0185185
321 664 0.0909091
322 147 0.125
322 195 0.0909091
322 322 -1
322 323 0.5
322 574 0.0526316
322 953 1
323 154 0.333333
323 323 -1
323 444 0.0909091
324 324 -1
324 325 0.047619
324 930 0.2
325 325 -1
326 325 0.047619
326 326 -1
326 606 0.125
327 325 0.047619
327 327 -1
327 625 0.2
328 325 0.047619
328 328 -1
329 154 0.333333
329 325 0.047619
329 329 -1
329 411 1
329 427 0.333333
329 542 0.0833333
329 558 0.333333
329 653 0.0454545
329 936 1
330 175 0.142857
330 302 0.2
330 325 0.047619
330 330 -1
330 331 0.333333
330 355 0.047619
330 475 0.185185
330 477 0.142857
330 515 0.333333
330 554 0.142857
330 590 0.04
330 702 0.142857
330 722 1
331 325 0.047619
331 331 -1
331 492 0.2
332 41 0.125
332 119 0.0344828
332 323 0.5
332 325 0.047619
332 332 -1
332 465 0.142857
332 475 0.037037
332 505 0.0833333
332 873 0.0294118
333 85 0.25
333 195 0.0909091
333 325 0.047619
333 333 -1
333 423 1
333 490 0.25
333 853 0.125
333 883 0.5
334 96 0.0588235
334 240 0.125
334 325 0.047619
334 334 -1
334 363 0.111111
334 491 0.111111
334 590 0.04
334 681 0.333333
334 721 0.5
334 873 0.0294118
335 117 0.142857
335 126 0.0384615
335 205 0.0357143
335 246 0.2
335 325 0.047619
335 335 -1
335 450 0.125
335 617 0.333333
335 902 0.0666667
335 925 0.05
336 325 0.047619
336 336 -1
337 325 0.047619
337 337 -1
337 623 0.0833333
338 325 0.047619
338 338 -1
339 325 0.047619
339 339 -1
340 325 0.047619
340 340 -1
341 325 0.047619
341 341 -1
342 325 0.047619
342 342 -1
343 325 0.047619
343 343 -1
343 895 0.333333
344 325 0.047619
344 344 -1
345 345 -1
345 346 1
346 346 -1
347 347 -1
348 348 -1
349 348 0.142857
349 349 -1
350 205 0.0357143
350 348 0.142857
350 350 -1
351 348 0.142857
351 351 -1
352 71 0.0232558
352 348 0.142857
352 352 -1
352 678 0.2
353 353 -1
354 353 0.0555556
354 354 -1
355 28 0.125
355 71 0.0232558
355 96 0.0588235
355 119 0.0344828
355 176 0.0625
355 195 0.0909091
355 302 0.2
355 353 0.0555556
355 355 -1
355 757 0.2
355 893 0.125
355 995 0.2
356 353 0.0555556
356 356 -1
356 542 0.0833333
357 357 -1
357 358 0.5
358 358 -1
359 358 0.5
359 359 -1
360 360 -1
361 71 0.0232558
361 360 0.0833333
361 361 -1
361 551 0.0588235
362 193 0.142857
362 360 0.0833333
362 362 -1
363 95 0.0666667
363 195 0.0909091
363 360 0.0833333
363 363 -1
363 389 0.0714286
363 632 0.1
363 927 0.0769231
363 978 0.166667
364 360 0.0833333
364 363 0.111111
364 364 -1
364 590 0.04
365 360 0.0833333
365 365 -1
365 510 0.0185185
366 360 0.0833333
366 366 -1
367 155 0.25
367 360 0.0833333
367 367 -1
367 492 0.2
368 360 0.0833333
368 368 -1
369 276 0.125
369 369 -1
369 370 0.142857
369 389 0.0714286
370 370 -1
371 370 0.142857
371 371 -1
372 370 0.142857
372 372 -1
373 205 0.0357143
373 370 0.142857
373 373 -1
374 173 0.5
374 370 0.142857
374 374 -1
374 601 0.25
375 375 -1
376 50 0.037037
376 284 1
376 376 -1
376 728 0.166667
377 126 0.0384615
377 237 0.047619
377 283 0.05
377 377 -1
377 378 0.166667
377 395 0.25
377 463 0.111111
377 476 0.5
377 653 0.0454545
377 660 0.25
377 751 0.333333
378 378 -1
379 378 0.166667
379 379 -1
379 574 0.0526316
379 595 0.2
380 378 0.333333
380 380 -1
381 217 0.0714286
381 353 0.0555556
381 378 0.166667
381 381 -1
382 378 0.166667
382 382 -1
383 383 -1
383 384 0.2
384 384 -1
385 384 0.2
385 385 -1
386 205 0.0357143
386 384 0.2
386 386 -1
386 410 0.5
386 463 0.111111
386 680 0.5
386 732 0.125
386 873 0.0294118
386 902 0.0666667
386 983 0.5
387 71 0.0232558
387 155 0.25
387 193 0.142857
387 205 0.0357143
387 215 0.333333
387 273 0.0714286
387 363 0.111111
387 384 0.2
387 387 -1
387 432 0.2
387 491 0.111111
387 594 0.25
387 862 1
387 893 0.125
387 902 0.0666667
387 975 0.2
388 388 -1
388 389 0.0714286
389 11 0.2
389 164 0.666667
389 205 0.0357143
389 389 -1
389 574 0.0526316
390 389 0.0714286
390 390 -1
390 560 0.0434783
390 807 0.142857
391 112 1
391 391 -1
391 392 1
391 413 0.142857
391 463 0.111111
392 392 -1
393 393 -1
393 394 0.5
393 778 0.2
394 394 -1
394 590 0.04
395 45 0.2
395 176 0.0625
395 395 -1
395 398 0.166667
396 176 0.0625
396 396 -1
396 623 0.0833333
397 176 0.0625
397 216 0.5
397 224 0.166667
397 397 -1
397 625 0.2
397 915 0.1
398 398 -1
399 398 0.166667
399 399 -1
400 126 0.0384615
400 398 0.166667
400 400 -1
400 678 0.2
400 991 1
401 398 0.166667
401 401 -1
402 402 -1
402 403 0.142857
402 660 0.25
402 773 0.2
403 391 1
403 403 -1
404 55 0.0666667
404 190 0.0434783
404 404 -1
404 405 0.142857
405 405 -1
406 71 0.0232558
406 119 0.0344828
406 355 0.0952381
406 405 0.142857
406 406 -1
406 475 0.037037
406 547 1
407 405 0.142857
407 407 -1
408 405 0.142857
408 408 -1
409 41 0.125
409 405 0.142857
409 409 -1
410 190 0.0434783
410 245 0.1
410 405 0.142857
410 410 -1
410 413 0.142857
410 419 0.0416667
410 830 0.166667
410 946 0.166667
411 405 0.142857
411 411 -1
412 412 -1
412 413 0.142857
413 413 -1
414 414 -1
414 415 0.333333
415 353 0.0555556
415 415 -1
416 415 0.333333
416 416 -1
417 413 0.142857
417 417 -1
418 418 -1
418 419 0.0416667
419 50 0.0740741
419 419 -1
420 419 0.0416667
420 420 -1
421 205 0.0357143
421 364 0.125
421 419 0.0416667
421 421 -1
421 540 0.142857
421 653 0.0454545
421 720 0.333333
421 791 0.333333
421 970 1
422 419 0.0416667
422 422 -1
423 273 0.0714286
423 308 0.333333
423 419 0.0416667
423 423 -1
423 925 0.05
424 419 0.0416667
424 424 -1
425 294 1
425 419 0.0416667
425 425 -1
426 426 -1
426 427 0.333333
427 427 -1
428 196 0.2
428 237 0.047619
428 389 0.0714286
428 427 0.333333
428 428 -1
428 735 0.2
428 873 0.0294118
428 919 0.125
429 65 0.333333
429 310 0.125
429 334 0.142857
429 400 1
429 429 -1
429 430 1
429 475 0.037037
429 702 0.142857
429 723 0.5
429 911 0.166667
429 965 1
430 430 -1
431 45 0.2
431 431 -1
431 432 0.2
431 510 0.0185185
431 672 0.166667
431 853 0.125
431 919 0.125
432 432 -1
433 432 0.2
433 433 -1
433 975 0.2
434 432 0.2
434 434 -1
435 435 -1
435 436 0.1
436 436 -1
437 437 -1
437 438 0.166667
438 87 0.1
438 193 0.142857
438 438 -1
439 438 0.166667
439 439 -1
439 983 0.5
440 136 0.333333
440 148 0.25
440 355 0.047619
440 395 0.25
440 438 0.166667
440 440 -1
440 514 0.333333
440 662 0.142857
440 700 0.5
440 732 0.125
441 438 0.166667
441 441 -1
442 130 0.166667
442 438 0.166667
442 442 -1
443 438 0.166667
443 443 -1
444 50 0.037037
444 158 1
444 226 0.166667
444 444 -1
444 445 0.5
444 497 0.2
444 505 0.166667
444 555 0.333333
444 574 0.0526316
444 646 0.25
444 647 0.5
444 660 0.25
444 733 0.166667
444 792 0.0714286
445 445 -1
446 446 -1
446 447 0.2
446 807 0.142857
447 228 1
447 447 -1
447 504 0.125
447 569 1
447 574 0.0526316
447 610 0.5
447 673 0.25
447 899 0.166667
447 919 0.125
448 448 -1
448 449 0.2
449 440 0.2
449 449 -1
449 574 0.0526316
450 15 0.125
450 48 1
450 57 0.5
450 71 0.0232558
450 87 0.3
450 130 0.166667
450 154 0.333333
450 190 0.0434783
450 196 0.2
450 237 0.047619
450 271 1
450 273 0.0714286
450 280 0.2
450 330 0.2
450 377 1
450 421 1
450 449 0.2
450 450 -1
450 458 0.5
450 467 1
450 504 0.125
450 507 0.333333
450 510 0.0185185
450 560 0.0434783
450 590 0.12
450 671 1
450 720 0.333333
450 764 1
450 765 0.25
450 769 0.2
450 807 0.142857
450 843 0.5
450 902 0.0666667
450 956 0.0555556
450 995 0.2
451 126 0.0384615
451 449 0.2
451 451 -1
451 720 0.333333
452 439 0.166667
452 449 0.2
452 450 0.125
452 452 -1
452 590 0.04
453 276 0.125
453 453 -1
453 454 0.142857
453 505 0.0833333
453 799 0.125
453 872 0.111111
454 454 -1
455 454 0.142857
455 455 -1
456 273 0.0714286
456 287 1
456 343 1
456 454 0.142857
456 456 -1
456 724 0.5
456 757 0.2
457 71 0.0232558
457 454 0.142857
457 457 -1
458 454 0.142857
458 458 -1
458 662 0.142857
459 174 1
459 454 0.142857
459 459 -1
459 560 0.0434783
459 568 0.5
459 593 0.142857
459 663 0.333333
460 460 -1
461 245 0.1
461 460 0.142857
461 461 -1
461 510 0.0185185
461 561 0.166667
462 462 -1
462 463 0.111111
463 280 0.2
463 428 0.5
463 440 0.2
463 463 -1
464 119 0.0344828
464 237 0.047619
464 464 -1
464 465 0.142857
464 470 0.05
464 738 0.0666667
465 119 0.0344828
465 465 -1
465 484 0.2
466 465 0.142857
466 466 -1
467 50 0.037037
467 302 0.2
467 467 -1
468 50 0.037037
468 468 -1
468 853 0.125
469 469 -1
469 470 0.05
469 738 0.0666667
470 470 -1
471 66 0.5
471 130 0.166667
471 285 0.111111
471 355 0.047619
471 470 0.1
471 471 -1
471 492 0.2
471 510 0.037037
471 773 0.2
471 925 0.05
472 470 0.05
472 472 -1
472 849 0.1
473 2 0.25
473 55 0.0666667
473 71 0.0232558
473 279 0.333333
473 293 0.166667
473 355 0.047619
473 389 0.0714286
473 470 0.1
473 473 -1
473 477 0.142857
473 515 0.333333
474 470 0.05
474 474 -1
474 475 0.037037
475 71 0.0232558
475 176 0.0625
475 190 0.0869565
475 215 0.333333
475 330 0.2
475 470 0.05
475 475 -1
475 590 0.12
475 659 0.0833333
475 925 0.05
476 470 0.05
476 476 -1
477 470 0.05
477 477 -1
478 470 0.05
478 478 -1
479 470 0.05
479 479 -1
480 470 0.05
480 480 -1
481 470 0.05
481 481 -1
482 470 0.05
482 482 -1
483 68 0.166667
483 483 -1
483 925 0.05
484 444 0.0909091
484 484 -1
484 485 0.142857
484 881 1
485 485 -1
486 485 0.142857
486 486 -1
486 617 0.333333
487 485 0.142857
487 487 -1
488 485 0.142857
488 488 -1
489 485 0.142857
489 489 -1
489 849 0.1
490 355 0.047619
490 490 -1
490 491 0.111111
491 491 -1
492 298 0.5
492 477 0.142857
492 491 0.111111
492 492 -1
492 795 0.5
493 491 0.111111
493 493 -1
494 491 0.111111
494 494 -1
495 491 0.111111
495 495 -1
496 496 -1
496 497 0.2
497 497 -1
498 230 0.333333
498 497 0.2
498 498 -1
499 497 0.2
499 499 -1
500 50 0.037037
500 475 0.037037
500 500 -1
501 50 0.037037
501 501 -1
502 50 0.037037
502 502 -1
503 503 -1
503 504 0.125
504 504 -1
505 7 0.2
505 505 -1
506 505 0.0833333
506 506 -1
507 68 0.166667
507 237 0.047619
507 505 0.0833333
507 507 -1
508 505 0.0833333
508 508 -1
509 505 0.0833333
509 509 -1
509 510 0.0185185
509 664 0.0909091
510 237 0.0952381
510 334 0.142857
510 510 -1
510 586 0.5
510 893 0.125
511 217 0.0714286
511 510 0.0185185
511 511 -1
512 433 1
512 510 0.0185185
512 512 -1
512 755 0.2
513 304 0.5
513 363 0.111111
513 510 0.0185185
513 513 -1
514 510 0.0185185
514 514 -1
515 119 0.0344828
515 363 0.111111
515 510 0.0185185
515 515 -1
515 590 0.04
516 240 0.125
516 510 0.0185185
516 516 -1
516 662 0.142857
516 927 0.0769231
517 510 0.0185185
517 517 -1
518 510 0.0185185
518 518 -1
518 645 0.25
519 510 0.0185185
519 519 -1
520 520 -1
520 521 0.125
521 521 -1
522 521 0.125
522 522 -1
523 119 0.0344828
523 355 0.047619
523 521 0.125
523 523 -1
523 595 0.2
523 802 0.166667
524 276 0.125
524 521 0.125
524 524 -1
524 574 0.0526316
525 96 0.0588235
525 216 0.5
525 510 0.0185185
525 521 0.125
525 525 -1
525 590 0.04
526 521 0.125
526 526 -1
527 45 0.2
527 71 0.0232558
527 120 0.333333
527 510 0.0185185
527 521 0.125
527 527 -1
528 521 0.125
528 528 -1
529 55 0.0666667
529 353 0.0555556
529 529 -1
529 925 0.05
530 50 0.037037
530 190 0.0434783
530 353 0.0555556
530 381 0.2
530 419 0.0416667
530 505 0.0833333
530 530 -1
530 574 0.0526316
531 353 0.0555556
531 531 -1
531 614 0.25
531 655 0.25
532 353 0.0555556
532 532 -1
533 353 0.0555556
533 533 -1
534 534 -1
534 535 0.25
535 535 -1
536 535 0.25
536 536 -1
536 700 0.5
537 510 0.0185185
537 535 0.25
537 537 -1
537 652 0.333333
538 535 0.25
538 538 -1
539 539 -1
539 540 0.142857
540 540 -1
541 403 0.142857
541 540 0.142857
541 541 -1
542 542 -1
543 119 0.0344828
543 126 0.0384615
543 542 0.0833333
543 543 -1
543 561 0.166667
543 849 0.1
543 990 0.0909091
544 245 0.1
544 542 0.0833333
544 544 -1
544 925 0.05
545 190 0.0434783
545 364 0.125
545 490 0.25
545 542 0.0833333
545 545 -1
545 602 0.5
545 793 0.5
545 919 0.125
546 542 0.0833333
546 546 -1
547 542 0.0833333
547 547 -1
548 542 0.0833333
548 548 -1
549 205 0.0357143
549 542 0.0833333
549 549 -1
549 590 0.04
550 251 0.125
550 542 0.0833333
550 550 -1
551 551 -1
551 552 0.111111
551 683 0.2
552 552 -1
553 552 0.111111
553 553 -1
554 55 0.0666667
554 71 0.0232558
554 367 0.125
554 440 0.2
554 471 0.05
554 552 0.111111
554 554 -1
554 560 0.0434783
554 623 0.0833333
554 635 0.125
554 662 0.142857
554 794 1
554 822 0.2
554 873 0.0588235
555 552 0.111111
555 555 -1
556 552 0.111111
556 556 -1
557 552 0.111111
557 557 -1
558 552 0.111111
558 558 -1
558 673 0.25
559 552 0.111111
559 559 -1
560 81 1
560 147 0.125
560 176 0.0625
560 240 0.125
560 302 0.2
560 510 0.0185185
560 552 0.111111
560 560 -1
560 598 1
560 769 0.2
560 873 0.0294118
560 975 0.2
561 510 0.0185185
561 561 -1
561 562 0.2
561 806 0.5
562 562 -1
563 562 0.2
563 563 -1
564 562 0.2
564 564 -1
565 96 0.0588235
565 562 0.2
565 565 -1
566 298 0.5
566 562 0.2
566 566 -1
566 678 0.2
566 913 0.333333
567 120 0.333333
567 567 -1
567 568 0.5
568 568 -1
569 569 -1
569 570 0.1
570 570 -1
571 124 0.25
571 570 0.1
571 571 -1
572 437 1
572 570 0.1
572 572 -1
572 902 0.0666667
573 570 0.1
573 573 -1
574 11 0.2
574 46 0.2
574 50 0.037037
574 126 0.0384615
574 210 0.2
574 217 0.0714286
574 226 0.166667
574 237 0.047619
574 276 0.125
574 364 0.125
574 401 1
574 444 0.181818
574 475 0.037037
574 514 0.333333
574 560 0.0869565
574 561 0.166667
574 570 0.1
574 574 -1
574 653 0.0909091
574 673 0.25
574 755 0.2
574 778 0.2
575 419 0.0416667
575 570 0.1
575 575 -1
576 570 0.1
576 576 -1
577 570 0.1
577 577 -1
578 551 0.0588235
578 578 -1
579 551 0.0588235
579 579 -1
580 85 0.25
580 245 0.1
580 551 0.0588235
580 580 -1
580 873 0.0294118
581 551 0.0588235
581 581 -1
582 551 0.0588235
582 582 -1
583 50 0.037037
583 87 0.1
583 96 0.0588235
583 240 0.125
583 473 0.5
583 551 0.0588235
583 583 -1
583 875 1
584 41 0.125
584 551 0.0588235
584 584 -1
584 968 0.5
585 551 0.0588235
585 585 -1
586 551 0.0588235
586 586 -1
587 551 0.0588235
587 587 -1
587 872 0.111111
588 551 0.0588235
588 588 -1
589 510 0.0185185
589 551 0.0588235
589 589 -1
590 551 0.0588235
590 590 -1
590 919 0.125
591 551 0.0588235
591 591 -1
591 873 0.0294118
592 205 0.0357143
592 548 1
592 551 0.0588235
592 592 -1
593 593 -1
594 594 -1
595 594 0.25
595 595 -1
596 193 0.142857
596 594 0.25
596 596 -1
597 597 -1
598 119 0.0344828
598 205 0.0357143
598 224 0.166667
598 560 0.130435
598 598 -1
598 599 1
598 957 0.25
599 599 -1
600 600 -1
600 601 0.25
601 126 0.0384615
601 601 -1
602 454 0.142857
602 602 -1
603 603 -1
604 603 0.2
604 604 -1
605 96 0.0588235
605 119 0.0689655
605 475 0.037037
605 605 -1
605 606 0.125
606 606 -1
607 606 0.125
607 607 -1
608 606 0.125
608 608 -1
609 606 0.125
609 609 -1
610 492 0.2
610 606 0.125
610 610 -1
610 799 0.125
611 498 1
611 606 0.125
611 611 -1
612 606 0.125
612 612 -1
613 613 -1
613 614 0.25
613 763 0.5
614 560 0.0434783
614 614 -1
615 615 -1
616 616 -1
616 617 0.333333
617 617 -1
618 618 -1
618 619 0.333333
619 619 -1
620 55 0.0666667
620 619 0.333333
620 620 -1
620 735 0.2
621 619 0.333333
621 621 -1
622 71 0.0232558
622 622 -1
622 623 0.0833333
623 623 -1
624 119 0.0344828
624 624 -1
624 625 0.2
625 34 0.0833333
625 370 0.142857
625 625 -1
626 625 0.2
626 626 -1
627 15 0.125
627 627 -1
627 628 0.333333
627 880 1
628 628 -1
629 628 0.333333
629 629 -1
630 630 -1
630 631 1
631 631 -1
632 632 -1
633 632 0.1
633 633 -1
634 632 0.1
634 634 -1
634 659 0.0833333
635 311 0.5
635 510 0.0185185
635 515 0.333333
635 561 0.166667
635 632 0.1
635 635 -1
635 645 0.25
635 791 0.333333
635 792 0.0714286
635 956 0.0555556
636 632 0.1
636 636 -1
637 484 0.2
637 632 0.1
637 637 -1
637 769 0.2
637 915 0.1
638 130 0.166667
638 632 0.1
638 638 -1
639 632 0.1
639 639 -1
640 632 0.1
640 640 -1
641 632 0.1
641 641 -1
642 642 -1
642 643 0.333333
643 643 -1
644 643 0.333333
644 644 -1
645 645 -1
645 646 0.25
646 646 -1
647 647 -1
648 647 0.5
648 648 -1
649 649 -1
649 650 0.333333
650 650 -1
651 650 0.333333
651 651 -1
652 652 -1
652 653 0.0454545
653 237 0.047619
653 246 0.2
653 653 -1
654 654 -1
654 655 0.25
655 655 -1
656 226 0.333333
656 237 0.047619
656 593 0.142857
656 656 -1
657 119 0.103448
657 205 0.0357143
657 248 0.5
657 471 0.05
657 475 0.037037
657 593 0.142857
657 657 -1
657 802 0.166667
658 126 0.0384615
658 658 -1
659 126 0.0384615
659 332 0.5
659 659 -1
660 126 0.0384615
660 660 -1
660 890 0.2
660 950 0.166667
661 126 0.0384615
661 195 0.0909091
661 661 -1
662 8 1
662 71 0.0232558
662 105 0.166667
662 119 0.0344828
662 126 0.0384615
662 147 0.125
662 169 0.5
662 334 0.142857
662 407 0.333333
662 450 0.125
662 475 0.0740741
662 510 0.0185185
662 543 1
662 560 0.0434783
662 590 0.04
662 662 -1
662 895 0.333333
663 663 -1
663 664 0.0909091
664 664 -1
665 96 0.0588235
665 664 0.0909091
665 665 -1
666 664 0.0909091
666 666 -1
667 6 1
667 664 0.0909091
667 667 -1
667 712 1
668 668 -1
668 669 0.5
669 669 -1
670 669 0.5
670 670 -1
671 671 -1
671 672 0.166667
671 902 0.0666667
672 672 -1
673 205 0.0357143
673 672 0.166667
673 673 -1
674 672 0.166667
674 674 -1
675 283 0.05
675 335 1
675 444 0.0909091
675 471 0.05
675 664 0.0909091
675 675 -1
675 676 0.0769231
676 676 -1
677 677 -1
677 678 0.2
677 807 0.142857
678 678 -1
679 95 0.0666667
679 126 0.0384615
679 419 0.0416667
679 574 0.0526316
679 653 0.0454545
679 679 -1
679 680 0.5
679 925 0.05
680 560 0.0434783
680 680 -1
681 240 0.125
681 314 1
681 681 -1
681 682 0.142857
681 822 0.2
682 682 -1
683 57 0.5
683 330 0.2
683 682 0.142857
683 683 -1
683 995 0.2
684 439 0.166667
684 682 0.142857
684 684 -1
685 682 0.142857
685 685 -1
685 872 0.111111
686 682 0.142857
686 686 -1
687 353 0.0555556
687 361 0.25
687 439 0.166667
687 444 0.0909091
687 659 0.166667
687 662 0.142857
687 682 0.142857
687 687 -1
688 407 0.333333
688 590 0.04
688 688 -1
688 689 0.125
689 689 -1
690 85 0.25
690 136 0.333333
690 595 0.2
690 689 0.125
690 690 -1
690 763 0.5
691 394 0.5
691 689 0.125
691 691 -1
692 272 0.5
692 692 -1
692 693 0.333333
693 693 -1
694 693 0.333333
694 694 -1
695 693 0.333333
695 695 -1
696 205 0.0357143
696 246 0.2
696 659 0.0833333
696 696 -1
696 925 0.05
697 697 -1
697 698 1
698 698 -1
699 460 0.142857
699 699 -1
700 111 0.333333
700 460 0.142857
700 653 0.0454545
700 700 -1
701 701 -1
702 147 0.125
702 360 0.0833333
702 653 0.0454545
702 702 -1
702 854 0.111111
702 899 0.166667
702 913 0.333333
703 139 0.5
703 525 0.142857
703 653 0.0454545
703 703 -1
703 790 1
704 653 0.0454545
704 704 -1
705 653 0.0454545
705 705 -1
706 38 0.333333
706 407 0.333333
706 439 0.166667
706 444 0.0909091
706 465 0.142857
706 706 -1
707 130 0.166667
707 707 -1
707 708 0.0526316
707 915 0.1
708 708 -1
709 708 0.0526316
709 709 -1
710 708 0.0526316
710 710 -1
711 708 0.0526316
711 711 -1
712 59 0.5
712 708 0.0526316
712 712 -1
712 867 0.2
713 662 0.142857
713 708 0.0526316
713 713 -1
713 792 0.0714286
714 708 0.0526316
714 714 -1
715 71 0.0232558
715 330 0.2
715 708 0.0526316
715 715 -1
715 959 1
716 104 0.166667
716 708 0.0526316
716 716 -1
717 190 0.0434783
717 542 0.0833333
717 708 0.0526316
717 717 -1
718 708 0.0526316
718 718 -1
719 708 0.0526316
719 719 -1
720 263 0.142857
720 389 0.0714286
720 436 0.1
720 614 0.25
720 708 0.0526316
720 720 -1
721 708 0.0526316
721 721 -1
722 15 0.125
722 465 0.142857
722 510 0.0185185
722 708 0.0526316
722 722 -1
722 849 0.1
723 198 0.166667
723 419 0.0416667
723 708 0.0526316
723 723 -1
723 857 0.166667
723 893 0.125
723 925 0.05
724 708 0.0526316
724 724 -1
725 708 0.0526316
725 725 -1
726 2 0.25
726 492 0.2
726 726 -1
727 175 0.142857
727 195 0.0909091
727 285 0.111111
727 432 0.2
727 727 -1
727 728 0.166667
728 728 -1
729 355 0.047619
729 560 0.0434783
729 728 0.166667
729 729 -1
730 728 0.166667
730 730 -1
731 728 0.166667
731 731 -1
732 198 0.166667
732 732 -1
732 733 0.166667
732 946 0.166667
733 733 -1
734 41 0.125
734 733 0.166667
734 734 -1
734 872 0.111111
735 147 0.125
735 175 0.142857
735 733 0.166667
735 735 -1
735 984 0.166667
736 572 0.5
736 733 0.166667
736 736 -1
737 163 0.0714286
737 510 0.0185185
737 554 0.142857
737 737 -1
737 738 0.0666667
737 739 1
737 892 0.166667
737 894 1
738 738 -1
739 738 0.0666667
739 739 -1
740 104 0.166667
740 738 0.0666667
740 740 -1
741 738 0.0666667
741 741 -1
742 738 0.0666667
742 742 -1
743 738 0.0666667
743 743 -1
744 738 0.0666667
744 744 -1
745 159 0.2
745 419 0.0416667
745 738 0.0666667
745 745 -1
746 50 0.037037
746 463 0.111111
746 738 0.0666667
746 746 -1
747 623 0.0833333
747 738 0.0666667
747 747 -1
748 738 0.0666667
748 748 -1
749 738 0.0666667
749 749 -1
750 738 0.0666667
750 750 -1
751 95 0.0666667
751 363 0.111111
751 751 -1
751 752 0.5
751 873 0.0294118
752 752 -1
753 752 0.5
753 753 -1
754 205 0.0357143
754 237 0.047619
754 353 0.0555556
754 373 0.5
754 560 0.0434783
754 602 0.5
754 652 0.333333
754 754 -1
754 755 0.2
754 799 0.125
755 755 -1
756 471 0.05
756 554 0.142857
756 689 0.125
756 756 -1
757 119 0.0344828
757 196 0.2
757 439 0.166667
757 504 0.125
757 689 0.125
757 757 -1
757 849 0.1
757 919 0.125
758 504 0.125
758 689 0.125
758 758 -1
759 676 0.0769231
759 689 0.125
759 759 -1
760 71 0.0465116
760 123 0.25
760 133 0.5
760 203 1
760 218 0.5
760 276 0.125
760 395 0.25
760 444 0.0909091
760 460 0.142857
760 570 0.1
760 760 -1
760 779 0.333333
760 849 0.1
761 570 0.1
761 761 -1
762 315 0.2
762 510 0.0185185
762 560 0.0434783
762 663 0.333333
762 762 -1
762 830 0.166667
763 119 0.0344828
763 173 0.5
763 205 0.0357143
763 635 0.125
763 663 0.333333
763 763 -1
763 792 0.0714286
763 930 0.2
764 84 0.125
764 387 1
764 447 0.2
764 764 -1
764 765 0.25
765 765 -1
766 71 0.0232558
766 766 -1
766 767 0.5
766 913 0.333333
767 767 -1
768 68 0.166667
768 205 0.0357143
768 767 0.5
768 768 -1
768 872 0.111111
768 925 0.05
769 769 -1
770 769 0.2
770 770 -1
771 320 0.2
771 525 0.142857
771 769 0.2
771 771 -1
772 283 0.05
772 361 0.25
772 772 -1
773 450 0.125
773 574 0.0526316
773 772 0.2
773 773 -1
774 765 0.25
774 774 -1
775 34 0.0833333
775 775 -1
776 34 0.0833333
776 776 -1
777 34 0.0833333
777 777 -1
778 778 -1
778 779 0.333333
779 779 -1
779 902 0.0666667
780 504 0.125
780 762 0.5
780 779 0.333333
780 780 -1
781 781 -1
781 782 0.125
782 782 -1
783 782 0.125
783 783 -1
784 96 0.0588235
784 209 0.333333
784 375 0.25
784 436 0.1
784 554 0.142857
784 782 0.125
784 784 -1
784 841 0.142857
785 308 0.333333
785 782 0.125
785 785 -1
785 849 0.1
785 956 0.0555556
786 782 0.125
786 786 -1
787 119 0.0344828
787 260 0.125
787 471 0.05
787 510 0.0185185
787 702 0.142857
787 782 0.125
787 787 -1
788 124 0.25
788 447 0.4
788 525 0.142857
788 782 0.125
788 788 -1
788 902 0.0666667
789 782 0.125
789 789 -1
790 790 -1
791 50 0.037037
791 71 0.0232558
791 190 0.0434783
791 245 0.1
791 772 0.2
791 791 -1
791 792 0.0714286
791 808 0.2
791 853 0.125
792 792 -1
793 793 -1
794 792 0.0714286
794 794 -1
795 792 0.0714286
795 795 -1
796 50 0.037037
796 792 0.0714286
796 796 -1
796 830 0.166667
797 195 0.0909091
797 792 0.0714286
797 797 -1
798 353 0.0555556
798 428 0.5
798 791 0.333333
798 792 0.0714286
798 798 -1
799 799 -1
799 800 1
799 946 0.166667
800 800 -1
801 801 -1
801 802 0.166667
802 28 0.125
802 123 0.25
802 293 0.166667
802 664 0.0909091
802 802 -1
803 802 0.166667
803 803 -1
804 802 0.166667
804 804 -1
805 237 0.047619
805 805 -1
806 165 0.5
806 227 0.25
806 237 0.047619
806 574 0.0526316
806 673 0.25
806 806 -1
806 807 0.142857
807 126 0.0384615
807 237 0.047619
807 276 0.125
807 755 0.2
807 807 -1
808 808 -1
809 273 0.0714286
809 808 0.2
809 809 -1
810 195 0.0909091
810 471 0.05
810 510 0.0185185
810 808 0.2
810 810 -1
811 808 0.2
811 811 -1
812 808 0.2
812 812 -1
813 491 0.111111
813 540 0.142857
813 813 -1
813 814 0.166667
814 72 1
814 196 0.2
814 240 0.125
814 348 0.142857
814 355 0.047619
814 490 0.25
814 623 0.0833333
814 814 -1
814 819 1
815 814 0.166667
815 815 -1
816 732 0.125
816 814 0.166667
816 816 -1
817 817 -1
817 818 0.166667
818 818 -1
819 475 0.037037
819 818 0.166667
819 819 -1
820 818 0.166667
820 820 -1
821 818 0.166667
821 821 -1
822 182 0.333333
822 283 0.05
822 510 0.0185185
822 818 0.166667
822 822 -1
823 818 0.166667
823 823 -1
824 449 0.2
824 593 0.142857
824 676 0.0769231
824 824 -1
825 676 0.0769231
825 825 -1
826 676 0.0769231
826 826 -1
827 676 0.0769231
827 827 -1
828 676 0.0769231
828 828 -1
829 676 0.0769231
829 829 -1
830 152 0.142857
830 510 0.0185185
830 676 0.0769231
830 830 -1
831 676 0.0769231
831 831 -1
832 676 0.0769231
832 832 -1
832 910 1
833 676 0.0769231
833 833 -1
834 834 -1
834 835 1
835 835 -1
836 320 0.2
836 367 0.125
836 836 -1
837 367 0.125
837 837 -1
838 364 0.125
838 367 0.125
838 838 -1
839 367 0.125
839 703 1
839 839 -1
840 367 0.125
840 419 0.0416667
840 840 -1
841 841 -1
842 841 0.142857
842 842 -1
843 841 0.142857
843 843 -1
844 841 0.142857
844 844 -1
845 841 0.142857
845 845 -1
846 841 0.142857
846 846 -1
847 841 0.142857
847 847 -1
848 471 0.05
848 848 -1
849 187 0.5
849 360 0.0833333
849 364 0.125
849 471 0.05
849 507 0.333333
849 538 1
849 740 1
849 806 0.5
849 849 -1
850 32 1
850 471 0.05
850 637 1
850 850 -1
850 890 0.2
851 50 0.037037
851 851 -1
852 50 0.037037
852 852 -1
853 659 0.0833333
853 853 -1
853 854 0.111111
854 854 -1
855 854 0.111111
855 855 -1
856 854 0.111111
856 856 -1
857 66 0.5
857 510 0.0185185
857 857 -1
858 561 0.166667
858 857 0.166667
858 858 -1
859 96 0.0588235
859 854 0.111111
859 859 -1
860 470 0.05
860 854 0.111111
860 860 -1
861 413 0.142857
861 583 1
861 854 0.111111
861 860 1
861 861 -1
862 862 -1
863 471 0.05
863 863 -1
864 471 0.05
864 864 -1
865 50 0.037037
865 65 0.333333
865 79 1
865 219 1
865 232 1
865 415 0.333333
865 471 0.05
865 659 0.0833333
865 830 0.166667
865 836 0.166667
865 865 -1
866 866 -1
866 867 0.2
867 867 -1
868 867 0.2
868 868 -1
869 71 0.0232558
869 475 0.037037
869 867 0.2
869 869 -1
869 995 0.2
870 96 0.0588235
870 867 0.2
870 870 -1
871 871 -1
871 872 0.111111
872 71 0.0232558
872 746 1
872 872 -1
873 873 -1
874 873 0.0294118
874 874 -1
875 2 0.25
875 363 0.111111
875 381 0.2
875 510 0.0185185
875 558 0.333333
875 758 1
875 873 0.0294118
875 875 -1
876 147 0.125
876 754 0.25
876 792 0.0714286
876 873 0.0294118
876 876 -1
876 945 0.25
877 33 0.25
877 444 0.0909091
877 655 0.25
877 814 0.166667
877 873 0.0588235
877 877 -1
878 878 -1
879 226 0.166667
879 419 0.0416667
879 440 0.2
879 878 0.333333
879 879 -1
880 155 0.25
880 560 0.0434783
880 878 0.333333
880 880 -1
881 881 -1
881 882 0.1
882 882 -1
883 283 0.05
883 355 0.0952381
883 473 0.5
883 593 0.142857
883 626 1
883 635 0.125
883 702 0.142857
883 827 1
883 849 0.1
883 882 0.1
883 883 -1
884 882 0.1
884 884 -1
884 975 0.2
885 882 0.1
885 885 -1
886 273 0.0714286
886 882 0.1
886 886 -1
887 882 0.1
887 887 -1
888 882 0.1
888 888 -1
889 317 1
889 882 0.1
889 889 -1
890 890 -1
890 891 1
891 891 -1
892 892 -1
893 892 0.166667
893 893 -1
894 445 0.5
894 892 0.166667
894 894 -1
895 735 0.2
895 892 0.166667
895 895 -1
896 197 1
896 892 0.166667
896 896 -1
897 475 0.0740741
897 476 0.5
897 634 1
897 892 0.166667
897 897 -1
897 927 0.0769231
898 898 -1
898 899 0.166667
899 899 -1
900 899 0.166667
900 900 -1
901 899 0.166667
901 901 -1
902 315 0.2
902 899 0.166667
902 902 -1
903 903 -1
903 904 0.5
904 71 0.0232558
904 904 -1
905 904 0.5
905 905 -1
906 71 0.0232558
906 299 0.5
906 792 0.0714286
906 854 0.111111
906 906 -1
907 907 -1
908 907 0.5
908 908 -1
909 909 -1
910 574 0.0526316
910 910 -1
910 911 0.166667
910 948 0.5
911 911 -1
912 911 0.166667
912 912 -1
913 727 0.333333
913 911 0.166667
913 913 -1
914 911 0.166667
914 914 -1
915 475 0.037037
915 915 -1
916 915 0.1
916 916 -1
916 925 0.05
917 126 0.0384615
917 590 0.04
917 915 0.1
917 917 -1
918 915 0.1
918 918 -1
919 367 0.125
919 915 0.1
919 919 -1
920 915 0.1
920 920 -1
921 116 0.2
921 915 0.1
921 921 -1
922 922 -1
922 923 0.25
923 923 -1
924 923 0.25
924 924 -1
924 993 1
925 50 0.037037
925 96 0.0588235
925 218 0.5
925 283 0.05
925 353 0.0555556
925 477 0.142857
925 655 0.25
925 778 0.2
925 923 0.25
925 925 -1
925 927 0.0769231
926 205 0.0357143
926 367 0.125
926 754 0.25
926 923 0.25
926 926 -1
927 927 -1
928 927 0.0769231
928 928 -1
929 927 0.0769231
929 929 -1
930 55 0.0666667
930 71 0.0232558
930 119 0.0689655
930 155 0.25
930 190 0.0434783
930 196 0.2
930 224 0.166667
930 363 0.111111
930 436 0.1
930 471 0.05
930 475 0.037037
930 484 0.2
930 510 0.0185185
930 540 0.142857
930 595 0.2
930 601 0.25
930 630 1
930 653 0.0454545
930 677 1
930 725 1
930 734 0.5
930 927 0.0769231
930 930 -1
931 927 0.0769231
931 931 -1
932 927 0.0769231
932 932 -1
933 390 0.5
933 510 0.037037
933 574 0.0526316
933 659 0.0833333
933 927 0.0769231
933 933 -1
934 829 0.5
934 895 0.333333
934 927 0.0769231
934 934 -1
935 927 0.0769231
935 935 -1
935 990 0.0909091
936 936 -1
937 937 -1
937 938 1
938 938 -1
939 672 0.166667
939 939 -1
940 940 -1
941 273 0.0714286
941 660 0.25
941 911 0.166667
941 940 0.333333
941 941 -1
942 940 0.333333
942 942 -1
943 436 0.1
943 943 -1
944 50 0.037037
944 277 1
944 436 0.1
944 944 -1
945 945 -1
945 946 0.166667
946 126 0.0384615
946 946 -1
947 96 0.0588235
947 119 0.0344828
947 554 0.142857
947 890 0.2
947 947 -1
948 890 0.2
948 948 -1
949 2 0.25
949 830 0.166667
949 949 -1
949 950 0.166667
950 950 -1
951 950 0.166667
951 951 -1
952 950 0.166667
952 952 -1
953 34 0.0833333
953 205 0.0357143
953 214 1
953 465 0.142857
953 510 0.0185185
953 653 0.0454545
953 683 0.2
953 950 0.166667
953 953 -1
954 950 0.166667
954 954 -1
955 955 -1
955 956 0.0555556
956 331 0.333333
956 956 -1
957 217 0.0714286
957 355 0.047619
957 525 0.142857
957 635 0.25
957 902 0.0666667
957 956 0.0555556
957 957 -1
958 175 0.142857
958 205 0.0357143
958 260 0.125
958 652 0.333333
958 836 0.166667
958 853 0.125
958 902 0.0666667
958 956 0.0555556
958 958 -1
959 190 0.0434783
959 956 0.0555556
959 959 -1
960 610 0.5
960 956 0.0555556
960 960 -1
961 956 0.0555556
961 961 -1
962 956 0.0555556
962 962 -1
963 956 0.0555556
963 963 -1
964 956 0.0555556
964 964 -1
965 198 0.166667
965 956 0.0555556
965 965 -1
966 273 0.0714286
966 645 0.25
966 662 0.142857
966 695 1
966 956 0.0555556
966 966 -1
967 956 0.0555556
967 967 -1
968 683 0.2
968 930 0.2
968 956 0.0555556
968 968 -1
969 956 0.0555556
969 969 -1
970 945 0.25
970 956 0.0555556
970 970 -1
971 971 -1
971 972 1
972 873 0.0294118
972 902 0.0666667
972 972 -1
973 973 -1
973 974 0.5
974 974 -1
975 193 0.142857
975 283 0.05
975 475 0.037037
975 510 0.0185185
975 537 1
975 586 0.5
975 681 0.333333
975 687 0.5
975 734 0.5
975 873 0.0294118
975 974 0.5
975 975 -1
976 976 -1
976 977 1
977 977 -1
978 978 -1
979 978 0.166667
979 979 -1
980 978 0.166667
980 980 -1
981 893 0.125
981 978 0.166667
981 981 -1
982 978 0.166667
982 982 -1
983 983 -1
983 984 0.166667
984 273 0.0714286
984 554 0.142857
984 984 -1
985 96 0.0588235
985 727 0.333333
985 984 0.166667
985 985 -1
986 984 0.166667
986 986 -1
987 55 0.0666667
987 984 0.166667
987 987 -1
988 355 0.047619
988 403 0.142857
988 702 0.142857
988 984 0.166667
988 988 -1
989 989 -1
989 990 0.0909091
990 990 -1
991 71 0.0232558
991 859 0.5
991 990 0.0909091
991 991 -1
992 990 0.0909091
992 992 -1
993 164 0.333333
993 590 0.04
993 990 0.0909091
993 993 -1
994 442 1
994 843 0.5
994 990 0.0909091
994 994 -1
995 87 0.1
995 205 0.0714286
995 260 0.25
995 276 0.125
995 324 1
995 822 0.2
995 990 0.0909091
995 995 -1
996 990 0.0909091
996 996 -1
997 990 0.0909091
997 997 -1
998 68 0.166667
998 119 0.0344828
998 334 0.142857
998 419 0.0416667
998 436 0.1
998 450 0.125
998 477 0.142857
998 857 0.166667
998 990 0.0909091
998 998 -1
999 999 -1
